625  100 100000
625  125 100000
625  75 100000
650  100 100000
650  125 100000
650  75 100000
675  100 100000
675  125 100000
675  75 100000
700  100 100000
700  125 100000
700  75 100000
725  100 100000
725  125 100000
725  75 100000
750  100 100000
750  125 100000
750  75 100000
775  100 100000
775  125 100000
775  75 100000
800  100 100000
800  125 100000
800  75 100000
825  100 100000
825  125 100000
825  75 100000
850  100 100000
850  125 100000
850  75 100000
875  100 100000
875  125 100000
875  75 100000
900  100 100000
900  125 100000
900  75 100000
925  100 100000
925  125 100000
925  75 100000
950  100 100000
950  125 100000
950  75 100000
