625 550 100000
625 575 100000
625 600 100000
650 575 100000
650 600 100000
650 625 100000
675 600 100000
675 625 100000
675 650 100000
700 625 100000
700 650 100000
700 675 100000
725 650 100000
725 675 100000
725 700 100000
750 675 100000
750 700 100000
750 725 100000
775 700 100000
775 725 100000
775 750 100000
800 725 100000
800 750 100000
800 775 100000
825 750 100000
825 775 100000
825 800 100000
850 775 100000
850 800 100000
850 825 100000
875 800 100000
875 825 100000
875 850 100000
900 825 100000
900 850 100000
900 875 100000
925 850 100000
925 875 100000
950 875 100000
