300 150 212904
300 200 212904
325 200 140118
325 225 140118
350 200 100000
350 250 100000
375 250 100000
375 275 100000
400 250 100000
400 300 100000
425 300 100000
425 325 100000
450 300 100000
450 350 100000
475 350 100000
475 375 100000
500 350 100000
500 400 100000
525 400 100000
525 425 100000
550 400 100000
550 450 100000
575 450 100000
575 475 100000
600 450 100000
600 500 100000
625 500 100000
625 525 100000
650 500 100000
650 550 100000
675 550 100000
675 575 100000
700 550 100000
700 600 100000
725 600 100000
725 625 100000
750 600 100000
750 650 100000
775 650 100000
775 675 100000
800 650 100000
800 700 100000
825 700 100000
825 725 100000
850 700 100000
850 750 100000
875 750 100000
875 775 100000
900 750 100000
900 800 100000
925 800 100000
925 825 100000
950 800 100000
950 850 100000
