300 225 212904
300 250 212904
300 275 212904
325 250 140118
325 275 140118
325 300 140118
350 275 100000
350 300 100000
350 325 100000
375 300 100000
375 325 100000
375 350 100000
400 325 100000
400 350 100000
400 375 100000
425 350 100000
425 375 100000
425 400 100000
450 375 100000
450 400 100000
450 425 100000
475 400 100000
475 425 100000
475 450 100000
500 425 100000
500 450 100000
500 475 100000
525 450 100000
525 475 100000
525 500 100000
550 475 100000
550 500 100000
550 525 100000
575 500 100000
575 525 100000
575 550 100000
600 525 100000
600 550 100000
600 575 100000
