300  100 212904
300  125 212904
300  75 212904
325  100 140118
325  125 140118
325  75 140118
350  100 100000
350  125 100000
350  75 100000
375  100 100000
375  125 100000
375  75 100000
400  100 100000
400  125 100000
400  75 100000
425  100 100000
425  125 100000
425  75 100000
450  100 100000
450  125 100000
450  75 100000
475  100 100000
475  125 100000
475  75 100000
500  100 100000
500  125 100000
500  75 100000
525  100 100000
525  125 100000
525  75 100000
550  100 100000
550  125 100000
550  75 100000
575  100 100000
575  125 100000
575  75 100000
600  100 100000
600  125 100000
600  75 100000
625  100 100000
625  125 100000
625  75 100000
650  100 100000
650  125 100000
650  75 100000
675  100 100000
675  125 100000
675  75 100000
700  100 100000
700  125 100000
700  75 100000
725  100 100000
725  125 100000
725  75 100000
750  100 100000
750  125 100000
750  75 100000
775  100 100000
775  125 100000
775  75 100000
800  100 100000
800  125 100000
800  75 100000
825  100 100000
825  125 100000
825  75 100000
850  100 100000
850  125 100000
850  75 100000
875  100 100000
875  125 100000
875  75 100000
900  100 100000
900  125 100000
900  75 100000
925  100 100000
925  125 100000
925  75 100000
950  100 100000
950  125 100000
950  75 100000
