300  100 212904
300  125 212904
300  75 212904
325  100 140118
325  125 140118
325  75 140118
350  100 100000
350  125 100000
350  75 100000
375  100 100000
375  125 100000
375  75 100000
400  100 100000
400  125 100000
400  75 100000
425  100 100000
425  125 100000
425  75 100000
450  100 100000
450  125 100000
450  75 100000
475  100 100000
475  125 100000
475  75 100000
500  100 100000
500  125 100000
500  75 100000
525  100 100000
525  125 100000
525  75 100000
550  100 100000
550  125 100000
550  75 100000
575  100 100000
575  125 100000
575  75 100000
600  100 100000
600  125 100000
600  75 100000
