350 150 100000
400 150 100000
400 200 100000
450 150 100000
450 200 100000
450 250 100000
500 150 100000
500 200 100000
500 250 100000
500 300 100000
550 150 100000
550 200 100000
550 250 100000
550 300 100000
550 350 100000
600 150 100000
600 200 100000
600 250 100000
600 300 100000
600 350 100000
600 400 100000
650 150 100000
650 200 100000
650 250 100000
650 300 100000
650 350 100000
650 400 100000
650 450 100000
700 150 100000
700 200 100000
700 250 100000
700 300 100000
700 350 100000
700 400 100000
700 450 100000
700 500 100000
750 150 100000
750 200 100000
750 250 100000
750 300 100000
750 350 100000
750 400 100000
750 450 100000
750 500 100000
750 550 100000
800 150 100000
800 200 100000
800 250 100000
800 300 100000
800 350 100000
800 400 100000
800 450 100000
800 500 100000
800 550 100000
800 600 100000
850 150 100000
850 200 100000
850 250 100000
850 300 100000
850 350 100000
850 400 100000
850 450 100000
850 500 100000
850 550 100000
850 600 100000
850 650 100000
900 150 100000
900 200 100000
900 250 100000
900 300 100000
900 350 100000
900 400 100000
900 450 100000
900 500 100000
900 550 100000
900 600 100000
900 650 100000
900 700 100000
950 150 100000
950 200 100000
950 250 100000
950 300 100000
950 350 100000
950 400 100000
950 450 100000
950 500 100000
950 550 100000
950 600 100000
950 650 100000
950 700 100000
950 750 100000
