300 100 212904
300 125 212904
300 150 212904
300 200 212904
300 225 212904
300 250 212904
300 275 212904
300 75 212904
325 100 140118
325 125 140118
325 200 140118
325 225 140118
325 250 140118
325 275 140118
325 300 140118
325 75 140118
350 100 100000
350 125 100000
350 150 100000
350 200 100000
350 250 100000
350 275 100000
350 300 100000
350 325 100000
350 75 100000
375 100 100000
375 125 100000
375 250 100000
375 275 100000
375 300 100000
375 325 100000
375 350 100000
375 75 100000
400 100 100000
400 125 100000
400 150 100000
400 200 100000
400 250 100000
400 300 100000
400 325 100000
400 350 100000
400 375 100000
400 75 100000
425 100 100000
425 125 100000
425 300 100000
425 325 100000
425 350 100000
425 375 100000
425 400 100000
425 75 100000
450 100 100000
450 125 100000
450 150 100000
450 200 100000
450 250 100000
450 300 100000
450 350 100000
450 375 100000
450 400 100000
450 425 100000
450 75 100000
475 100 100000
475 125 100000
475 350 100000
475 375 100000
475 400 100000
475 425 100000
475 450 100000
475 75 100000
500 100 100000
500 125 100000
500 150 100000
500 200 100000
500 250 100000
500 300 100000
500 350 100000
500 400 100000
500 425 100000
500 450 100000
500 475 100000
500 75 100000
525 100 100000
525 125 100000
525 400 100000
525 425 100000
525 450 100000
525 475 100000
525 500 100000
525 75 100000
550 100 100000
550 125 100000
550 150 100000
550 200 100000
550 250 100000
550 300 100000
550 350 100000
550 400 100000
550 450 100000
550 475 100000
550 500 100000
550 525 100000
550 75 100000
575 100 100000
575 125 100000
575 450 100000
575 475 100000
575 500 100000
575 525 100000
575 550 100000
575 75 100000
600 100 100000
600 125 100000
600 150 100000
600 200 100000
600 250 100000
600 300 100000
600 350 100000
600 400 100000
600 450 100000
600 500 100000
600 525 100000
600 550 100000
600 575 100000
600 75 100000
625 100 100000
625 125 100000
625 500 100000
625 525 100000
625 550 100000
625 575 100000
625 600 100000
625 75 100000
650 100 100000
650 125 100000
650 150 100000
650 200 100000
650 250 100000
650 300 100000
650 350 100000
650 400 100000
650 450 100000
650 500 100000
650 550 100000
650 575 100000
650 600 100000
650 625 100000
650 75 100000
675 100 100000
675 125 100000
675 550 100000
675 575 100000
675 600 100000
675 625 100000
675 650 100000
675 75 100000
700 100 100000
700 125 100000
700 150 100000
700 200 100000
700 250 100000
700 300 100000
700 350 100000
700 400 100000
700 450 100000
700 500 100000
700 550 100000
700 600 100000
700 625 100000
700 650 100000
700 675 100000
700 75 100000
725 100 100000
725 125 100000
725 600 100000
725 625 100000
725 650 100000
725 675 100000
725 700 100000
725 75 100000
750 100 100000
750 125 100000
750 150 100000
750 200 100000
750 250 100000
750 300 100000
750 350 100000
750 400 100000
750 450 100000
750 500 100000
750 550 100000
750 600 100000
750 650 100000
750 675 100000
750 700 100000
750 725 100000
750 75 100000
775 100 100000
775 125 100000
775 650 100000
775 675 100000
775 700 100000
775 725 100000
775 750 100000
775 75 100000
800 100 100000
800 125 100000
800 150 100000
800 200 100000
800 250 100000
800 300 100000
800 350 100000
800 400 100000
800 450 100000
800 500 100000
800 550 100000
800 600 100000
800 650 100000
800 700 100000
800 725 100000
800 750 100000
800 75 100000
800 775 100000
825 100 100000
825 125 100000
825 700 100000
825 725 100000
825 750 100000
825 75 100000
825 775 100000
825 800 100000
850 100 100000
850 125 100000
850 150 100000
850 200 100000
850 250 100000
850 300 100000
850 350 100000
850 400 100000
850 450 100000
850 500 100000
850 550 100000
850 600 100000
850 650 100000
850 700 100000
850 750 100000
850 75 100000
850 775 100000
850 800 100000
850 825 100000
875 100 100000
875 125 100000
875 750 100000
875 75 100000
875 775 100000
875 800 100000
875 825 100000
875 850 100000
900 100 100000
900 125 100000
900 150 100000
900 200 100000
900 250 100000
900 300 100000
900 350 100000
900 400 100000
900 450 100000
900 500 100000
900 550 100000
900 600 100000
900 650 100000
900 700 100000
900 750 100000
900 75 100000
900 800 100000
900 825 100000
900 850 100000
900 875 100000
925 100 100000
925 125 100000
925 75 100000
925 800 100000
925 825 100000
925 850 100000
925 875 100000
950 100 100000
950 125 100000
950 150 100000
950 200 100000
950 250 100000
950 300 100000
950 350 100000
950 400 100000
950 450 100000
950 500 100000
950 550 100000
950 600 100000
950 650 100000
950 700 100000
950 750 100000
950 75 100000
950 800 100000
950 850 100000
950 875 100000
